$ 1 0.0005 10.20027730826997 50 5 43
g 944 496 944 528 0
s 752 496 752 432 0 1 true
f 880 416 944 416 0 2 0.02
M 752 368 720 368 0 2.5
r 816 416 816 304 0 1000000
r 816 416 880 416 0 1000000
c 880 416 880 496 0 0.0000022 0.02319227815054137
f 752 432 816 432 0 2 0.02
M 944 368 976 368 0 2.5
r 752 368 752 304 0 10000
w 752 432 752 368 0
r 944 368 944 304 0 10000
R 944 304 944 256 0 0 40 3.3 0 0 0.5
w 944 368 944 400 0
x 654 373 709 376 0 16 CH_PD
x 989 373 1041 376 0 16 GPIO0
162 880 368 944 368 1 2.1 1 0 0
r 880 368 880 304 0 220
w 816 448 816 496 0
w 752 496 816 496 0
w 816 496 880 496 0
w 880 496 944 496 0
w 944 432 944 496 0
w 752 304 816 304 0
w 816 304 880 304 0
w 880 304 944 304 0
x 637 465 730 468 0 16 Reset/Flash
o 3 64 0 550 5 0.00009765625 0 -1
o 8 64 0 550 5 0.00009765625 1 -1
o 6 64 0 551 5 0.00009765625 2 -1
